+----+--------+---------+----------+--------------+-----------+-----------------+--------------+
|    |   Seed |   epoch |     time |   loss_train |   AUC_dev |   precision_dev |   recall_dev |
+====+========+=========+==========+==============+===========+=================+==============+
|  0 |      7 |       1 |   771.26 |     14154.5  |  0.920543 |        0.881507 |     0.570732 |
+----+--------+---------+----------+--------------+-----------+-----------------+--------------+
|  1 |      7 |       2 |  1523.5  |      9082.24 |  0.92866  |        0.90043  |     0.557428 |
+----+--------+---------+----------+--------------+-----------+-----------------+--------------+
|  2 |      7 |       3 |  2299.16 |      8309.21 |  0.931105 |        0.881894 |     0.701996 |
+----+--------+---------+----------+--------------+-----------+-----------------+--------------+
|  3 |      7 |       4 |  2867.15 |      7739.68 |  0.931372 |        0.917226 |     0.545455 |
+----+--------+---------+----------+--------------+-----------+-----------------+--------------+
|  4 |      7 |       5 |  3653.46 |      7457.2  |  0.922013 |        0.885013 |     0.607539 |
+----+--------+---------+----------+--------------+-----------+-----------------+--------------+
|  5 |      7 |       6 |  4438.54 |      7103.99 |  0.927073 |        0.887213 |     0.6      |
+----+--------+---------+----------+--------------+-----------+-----------------+--------------+
|  6 |      7 |       7 |  4950.61 |      6845.51 |  0.926528 |        0.885028 |     0.621286 |
+----+--------+---------+----------+--------------+-----------+-----------------+--------------+
|  7 |      7 |       8 |  5715.84 |      6696.41 |  0.927587 |        0.896811 |     0.63592  |
+----+--------+---------+----------+--------------+-----------+-----------------+--------------+
|  8 |      7 |       9 |  6485.84 |      6499.83 |  0.929306 |        0.888676 |     0.615965 |
+----+--------+---------+----------+--------------+-----------+-----------------+--------------+
|  9 |     22 |       1 |  6930.56 |     14425.7  |  0.924853 |        0.88151  |     0.600443 |
+----+--------+---------+----------+--------------+-----------+-----------------+--------------+
| 10 |     22 |       2 |  7237.39 |      8937.62 |  0.932233 |        0.891735 |     0.679379 |
+----+--------+---------+----------+--------------+-----------+-----------------+--------------+
| 11 |     22 |       3 |  7566.71 |      8171.64 |  0.932413 |        0.893579 |     0.666519 |
+----+--------+---------+----------+--------------+-----------+-----------------+--------------+
| 12 |     22 |       4 |  7870.19 |      7616.73 |  0.926082 |        0.865721 |     0.703326 |
+----+--------+---------+----------+--------------+-----------+-----------------+--------------+
| 13 |     22 |       5 |  8252.12 |      7235.19 |  0.932078 |        0.866057 |     0.713969 |
+----+--------+---------+----------+--------------+-----------+-----------------+--------------+
| 14 |     22 |       6 |  8558.55 |      6847.08 |  0.931018 |        0.874523 |     0.710865 |
+----+--------+---------+----------+--------------+-----------+-----------------+--------------+
| 15 |     22 |       7 |  8868.35 |      6695.29 |  0.929653 |        0.901521 |     0.552106 |
+----+--------+---------+----------+--------------+-----------+-----------------+--------------+
| 16 |     22 |       8 |  9175.3  |      6456.94 |  0.932582 |        0.880791 |     0.691353 |
+----+--------+---------+----------+--------------+-----------+-----------------+--------------+
| 17 |     22 |       9 |  9481.57 |      6241.02 |  0.932664 |        0.874518 |     0.704656 |
+----+--------+---------+----------+--------------+-----------+-----------------+--------------+
| 18 |     22 |      10 |  9791.82 |      5451.66 |  0.937563 |        0.90051  |     0.626164 |
+----+--------+---------+----------+--------------+-----------+-----------------+--------------+
| 19 |     22 |      11 | 10102.5  |      5236.43 |  0.931916 |        0.889206 |     0.690466 |
+----+--------+---------+----------+--------------+-----------+-----------------+--------------+
| 20 |     22 |      12 | 10638.7  |      5143.19 |  0.936435 |        0.915348 |     0.5898   |
+----+--------+---------+----------+--------------+-----------+-----------------+--------------+
| 21 |     22 |      13 | 11287.2  |      5120.46 |  0.934028 |        0.895285 |     0.648337 |
+----+--------+---------+----------+--------------+-----------+-----------------+--------------+
| 22 |     22 |      14 | 11979.4  |      5042.21 |  0.933859 |        0.908475 |     0.594235 |
+----+--------+---------+----------+--------------+-----------+-----------------+--------------+
| 23 |     22 |      15 | 12705.6  |      4932.91 |  0.937968 |        0.902174 |     0.625721 |
+----+--------+---------+----------+--------------+-----------+-----------------+--------------+
| 24 |     22 |      16 | 13511.7  |      4897.25 |  0.934053 |        0.903184 |     0.616408 |
+----+--------+---------+----------+--------------+-----------+-----------------+--------------+
| 25 |     22 |      17 | 14325.7  |      4872.75 |  0.937101 |        0.920853 |     0.593348 |
+----+--------+---------+----------+--------------+-----------+-----------------+--------------+
| 26 |     22 |      18 | 15084.8  |      4792.54 |  0.935852 |        0.904321 |     0.649667 |
+----+--------+---------+----------+--------------+-----------+-----------------+--------------+
| 27 |     22 |      19 | 15794.9  |      4849.83 |  0.931262 |        0.913598 |     0.572062 |
+----+--------+---------+----------+--------------+-----------+-----------------+--------------+
| 28 |     22 |      20 | 16481.9  |      4274.82 |  0.939019 |        0.914519 |     0.645233 |
+----+--------+---------+----------+--------------+-----------+-----------------+--------------+
| 29 |     22 |      21 | 17265.1  |      4228.02 |  0.935766 |        0.908446 |     0.624834 |
+----+--------+---------+----------+--------------+-----------+-----------------+--------------+
| 30 |     22 |      22 | 18025.8  |      4156.34 |  0.936064 |        0.918508 |     0.5898   |
+----+--------+---------+----------+--------------+-----------+-----------------+--------------+
| 31 |     22 |      23 | 18766.2  |      4162.79 |  0.937853 |        0.906386 |     0.648337 |
+----+--------+---------+----------+--------------+-----------+-----------------+--------------+
| 32 |     22 |      24 | 19489.8  |      4120.12 |  0.939839 |        0.912609 |     0.648337 |
+----+--------+---------+----------+--------------+-----------+-----------------+--------------+
| 33 |     22 |      25 | 20280.3  |      4059.42 |  0.938242 |        0.910594 |     0.659424 |
+----+--------+---------+----------+--------------+-----------+-----------------+--------------+
| 34 |     22 |      26 | 20880.5  |      4039.88 |  0.936105 |        0.909898 |     0.63592  |
+----+--------+---------+----------+--------------+-----------+-----------------+--------------+
| 35 |     22 |      27 | 21671.2  |      4022.13 |  0.934571 |        0.905756 |     0.635033 |
+----+--------+---------+----------+--------------+-----------+-----------------+--------------+
| 36 |     22 |      28 | 22445.8  |      3946.14 |  0.937109 |        0.921016 |     0.594678 |
+----+--------+---------+----------+--------------+-----------+-----------------+--------------+
| 37 |     22 |      29 | 23238.5  |      3987.63 |  0.940844 |        0.905213 |     0.677605 |
+----+--------+---------+----------+--------------+-----------+-----------------+--------------+
| 38 |     22 |      30 | 24009    |      3625.55 |  0.93864  |        0.912959 |     0.627938 |
+----+--------+---------+----------+--------------+-----------+-----------------+--------------+
| 39 |     22 |      31 | 24676.1  |      3593.88 |  0.9371   |        0.925952 |     0.582262 |
+----+--------+---------+----------+--------------+-----------+-----------------+--------------+
| 40 |     22 |      32 | 25465.2  |      3525.1  |  0.93513  |        0.920027 |     0.607095 |
+----+--------+---------+----------+--------------+-----------+-----------------+--------------+
| 41 |     22 |      33 | 26255.5  |      3549.51 |  0.937089 |        0.913071 |     0.64745  |
+----+--------+---------+----------+--------------+-----------+-----------------+--------------+
| 42 |     22 |      34 | 27027.4  |      3523.79 |  0.934458 |        0.908392 |     0.628825 |
+----+--------+---------+----------+--------------+-----------+-----------------+--------------+
| 43 |     11 |       1 | 27784.5  |     14237.5  |  0.925793 |        0.884013 |     0.625277 |
+----+--------+---------+----------+--------------+-----------+-----------------+--------------+
| 44 |     11 |       2 | 28555.2  |      8936.67 |  0.926422 |        0.857143 |     0.74235  |
+----+--------+---------+----------+--------------+-----------+-----------------+--------------+
| 45 |     11 |       3 | 29320.6  |      8153.98 |  0.926087 |        0.875429 |     0.679379 |
+----+--------+---------+----------+--------------+-----------+-----------------+--------------+
| 46 |     11 |       4 | 30088.5  |      7712.88 |  0.922207 |        0.892763 |     0.601774 |
+----+--------+---------+----------+--------------+-----------+-----------------+--------------+
| 47 |     11 |       5 | 30877.4  |      7262.62 |  0.927484 |        0.90719  |     0.615521 |
+----+--------+---------+----------+--------------+-----------+-----------------+--------------+
| 48 |     11 |       6 | 31648.4  |      6934.97 |  0.925954 |        0.858402 |     0.733925 |
+----+--------+---------+----------+--------------+-----------+-----------------+--------------+
| 49 |     11 |       7 | 32412.9  |      6565.78 |  0.93151  |        0.902487 |     0.61153  |
+----+--------+---------+----------+--------------+-----------+-----------------+--------------+
| 50 |     11 |       8 | 33178.4  |      6240.4  |  0.930211 |        0.902853 |     0.589357 |
+----+--------+---------+----------+--------------+-----------+-----------------+--------------+
| 51 |     11 |       9 | 33929.8  |      6130.95 |  0.928016 |        0.875225 |     0.647007 |
+----+--------+---------+----------+--------------+-----------+-----------------+--------------+
| 52 |     11 |      10 | 34635.9  |      5356.01 |  0.933846 |        0.897128 |     0.595565 |
+----+--------+---------+----------+--------------+-----------+-----------------+--------------+
| 53 |     11 |      11 | 35419.2  |      5106.48 |  0.934441 |        0.908769 |     0.569845 |
+----+--------+---------+----------+--------------+-----------+-----------------+--------------+
| 54 |     11 |      12 | 36102.8  |      4980.57 |  0.937131 |        0.895601 |     0.677162 |
+----+--------+---------+----------+--------------+-----------+-----------------+--------------+
| 55 |     11 |      13 | 36756.8  |      4902.76 |  0.939973 |        0.902839 |     0.63459  |
+----+--------+---------+----------+--------------+-----------+-----------------+--------------+
| 56 |     11 |      14 | 37527.6  |      4804.8  |  0.938269 |        0.8875   |     0.661197 |
+----+--------+---------+----------+--------------+-----------+-----------------+--------------+
| 57 |     11 |      15 | 38007.6  |      4701.33 |  0.935423 |        0.899201 |     0.64878  |
+----+--------+---------+----------+--------------+-----------+-----------------+--------------+
| 58 |     11 |      16 | 38787.1  |      4634.41 |  0.939333 |        0.912987 |     0.623503 |
+----+--------+---------+----------+--------------+-----------+-----------------+--------------+
| 59 |     11 |      17 | 39234    |      4607.96 |  0.939422 |        0.900647 |     0.679379 |
+----+--------+---------+----------+--------------+-----------+-----------------+--------------+
| 60 |     11 |      18 | 39971    |      4570.51 |  0.940854 |        0.904943 |     0.633259 |
+----+--------+---------+----------+--------------+-----------+-----------------+--------------+
| 61 |     11 |      19 | 40752.4  |      4487.53 |  0.933286 |        0.908112 |     0.560976 |
+----+--------+---------+----------+--------------+-----------+-----------------+--------------+
| 62 |     11 |      20 | 41467.2  |      4018.43 |  0.93814  |        0.905612 |     0.629712 |
+----+--------+---------+----------+--------------+-----------+-----------------+--------------+
| 63 |     11 |      21 | 42251.7  |      3951.22 |  0.939961 |        0.905344 |     0.623503 |
+----+--------+---------+----------+--------------+-----------+-----------------+--------------+
| 64 |     11 |      22 | 42961.8  |      3860.59 |  0.936678 |        0.919971 |     0.565854 |
+----+--------+---------+----------+--------------+-----------+-----------------+--------------+
| 65 |     11 |      23 | 43728.1  |      3851.45 |  0.939186 |        0.9125   |     0.582705 |
+----+--------+---------+----------+--------------+-----------+-----------------+--------------++----+---------+------------+------------------+---------------+
|    | Seed    |   AUC_test |   precision_test |   recall_test |
+====+=========+============+==================+===============+
|  0 | Seed 7  |   0.925848 |         0.922782 |      0.581269 |
+----+---------+------------+------------------+---------------+
|  1 | Seed 22 |   0.931719 |         0.91226  |      0.703625 |
+----+---------+------------+------------------+---------------+
|  2 | Seed 11 |   0.929029 |         0.91335  |      0.665559 |
+----+---------+------------+------------------+---------------++----+----------------+-------------------+
|    | Metric         | Value             |
+====+================+===================+
|  0 | Mean AUC       | 0.9289 +/- 0.0024 |
+----+----------------+-------------------+
|  1 | Mean Precision | 0.9161 +/- 0.0047 |
+----+----------------+-------------------+
|  2 | Mean Recall    | 0.6502 +/- 0.0511 |
+----+----------------+-------------------+