+----+--------+---------+----------+--------------+-----------+-----------------+--------------+
|    |   Seed |   epoch |     time |   loss_train |   AUC_dev |   precision_dev |   recall_dev |
+====+========+=========+==========+==============+===========+=================+==============+
|  0 |      7 |       1 |  11598   |     31136.1  |  0.89863  |        0.809917 |     0.738803 |
+----+--------+---------+----------+--------------+-----------+-----------------+--------------+
|  1 |      7 |       2 |  23241.8 |     64324.7  |  0.829862 |        0.781644 |     0.577827 |
+----+--------+---------+----------+--------------+-----------+-----------------+--------------+
|  2 |      7 |       3 |  34842.4 |     69203.9  |  0.908007 |        0.860051 |     0.599557 |
+----+--------+---------+----------+--------------+-----------+-----------------+--------------+
|  3 |      7 |       4 |  46443.8 |     20716.8  |  0.9216   |        0.891399 |     0.54235  |
+----+--------+---------+----------+--------------+-----------+-----------------+--------------+
|  4 |      7 |       5 |  58213.2 |     17786    |  0.912482 |        0.623944 |     0.949889 |
+----+--------+---------+----------+--------------+-----------+-----------------+--------------+
|  5 |      7 |       6 |  69838   |     17948.2  |  0.911574 |        0.843027 |     0.662084 |
+----+--------+---------+----------+--------------+-----------+-----------------+--------------+
|  6 |      7 |       7 |  81586.6 |     16352.5  |  0.921088 |        0.880869 |     0.665632 |
+----+--------+---------+----------+--------------+-----------+-----------------+--------------+
|  7 |      7 |       8 |  93347.8 |     13533.4  |  0.915576 |        0.83063  |     0.772062 |
+----+--------+---------+----------+--------------+-----------+-----------------+--------------+
|  8 |      7 |       9 | 104946   |     25403.4  |  0.888941 |        0.764477 |     0.784479 |
+----+--------+---------+----------+--------------+-----------+-----------------+--------------+
|  9 |     22 |       1 | 117682   |     22370.6  |  0.928388 |        0.889483 |     0.663858 |
+----+--------+---------+----------+--------------+-----------+-----------------+--------------+
| 10 |     22 |       2 | 129502   |     21795.6  |  0.923111 |        0.858145 |     0.759202 |
+----+--------+---------+----------+--------------+-----------+-----------------+--------------+
| 11 |     22 |       3 | 141109   |     18908.4  |  0.911381 |        0.87606  |     0.595565 |
+----+--------+---------+----------+--------------+-----------+-----------------+--------------+
| 12 |     22 |       4 | 152874   |     16239.9  |  0.902201 |        0.808596 |     0.717517 |
+----+--------+---------+----------+--------------+-----------+-----------------+--------------+
| 13 |     22 |       5 | 164865   |     17064.7  |  0.917051 |        0.840864 |     0.759202 |
+----+--------+---------+----------+--------------+-----------+-----------------+--------------+
| 14 |     22 |       6 | 176668   |     13845.3  |  0.918892 |        0.901176 |     0.509534 |
+----+--------+---------+----------+--------------+-----------+-----------------+--------------+
| 15 |     11 |       1 | 189346   |     22748.5  |  0.896276 |        0.835812 |     0.62306  |
+----+--------+---------+----------+--------------+-----------+-----------------+--------------+
| 16 |     11 |       2 | 200990   |     42392.5  |  0.5      |        0.394783 |     1        |
+----+--------+---------+----------+--------------+-----------+-----------------+--------------+
| 17 |     11 |       3 | 212850   |    286999    |  0.909903 |        0.897674 |     0.513525 |
+----+--------+---------+----------+--------------+-----------+-----------------+--------------+
| 18 |     11 |       4 | 224573   |     20484.7  |  0.828038 |        0.394783 |     1        |
+----+--------+---------+----------+--------------+-----------+-----------------+--------------+
| 19 |     11 |       5 | 236223   |     20173.4  |  0.922244 |        0.896603 |     0.538359 |
+----+--------+---------+----------+--------------+-----------+-----------------+--------------+
| 20 |     11 |       6 | 248198   |     17261.9  |  0.92621  |        0.88728  |     0.624834 |
+----+--------+---------+----------+--------------+-----------+-----------------+--------------+
| 21 |     11 |       7 | 260129   |     15543.3  |  0.925889 |        0.872699 |     0.735698 |
+----+--------+---------+----------+--------------+-----------+-----------------+--------------+
| 22 |     11 |       8 | 271955   |     14536.5  |  0.915184 |        0.877384 |     0.571175 |
+----+--------+---------+----------+--------------+-----------+-----------------+--------------+
| 23 |     11 |       9 | 283817   |     15446.2  |  0.91908  |        0.881682 |     0.548559 |
+----+--------+---------+----------+--------------+-----------+-----------------+--------------+
| 24 |     11 |      10 | 295687   |     10017.9  |  0.923071 |        0.886742 |     0.590244 |
+----+--------+---------+----------+--------------+-----------+-----------------+--------------+
| 25 |     11 |      11 | 307375   |      9772.87 |  0.918903 |        0.856913 |     0.709091 |
+----+--------+---------+----------+--------------+-----------+-----------------+--------------++----+---------+------------+------------------+---------------+
|    | Seed    |   AUC_test |   precision_test |   recall_test |
+====+=========+============+==================+===============+
|  0 | Seed 7  |   0.91739  |         0.917448 |      0.590937 |
+----+---------+------------+------------------+---------------+
|  1 | Seed 22 |   0.91309  |         0.892603 |      0.645317 |
+----+---------+------------+------------------+---------------+
|  2 | Seed 11 |   0.921492 |         0.897832 |      0.650453 |
+----+---------+------------+------------------+---------------++----+----------------+-------------------+
|    | Metric         | Value             |
+====+================+===================+
|  0 | Mean AUC       | 0.9173 +/- 0.0034 |
+----+----------------+-------------------+
|  1 | Mean Precision | 0.9026 +/- 0.0107 |
+----+----------------+-------------------+
|  2 | Mean Recall    | 0.6289 +/- 0.0269 |
+----+----------------+-------------------+