+----+--------+---------+----------+--------------+-----------+-----------------+--------------+
|    |   Seed |   epoch |     time |   loss_train |   AUC_dev |   precision_dev |   recall_dev |
+====+========+=========+==========+==============+===========+=================+==============+
|  0 |      7 |       1 |   5146.2 |     20792.7  |  0.89726  |        0.872312 |     0.287805 |
+----+--------+---------+----------+--------------+-----------+-----------------+--------------+
|  1 |      7 |       2 |  10302.3 |     14240.4  |  0.918765 |        0.903342 |     0.443459 |
+----+--------+---------+----------+--------------+-----------+-----------------+--------------+
|  2 |      7 |       3 |  15162.3 |     11977.1  |  0.905642 |        0.817879 |     0.762749 |
+----+--------+---------+----------+--------------+-----------+-----------------+--------------+
|  3 |      7 |       4 |  19952.1 |     11319.1  |  0.926654 |        0.877854 |     0.68204  |
+----+--------+---------+----------+--------------+-----------+-----------------+--------------+
|  4 |      7 |       5 |  24691.7 |     11020.1  |  0.917811 |        0.864096 |     0.606208 |
+----+--------+---------+----------+--------------+-----------+-----------------+--------------+
|  5 |      7 |       6 |  29513   |     10539.3  |  0.921213 |        0.879215 |     0.63592  |
+----+--------+---------+----------+--------------+-----------+-----------------+--------------+
|  6 |      7 |       7 |  34291   |     10348.5  |  0.913768 |        0.893246 |     0.545455 |
+----+--------+---------+----------+--------------+-----------+-----------------+--------------+
|  7 |      7 |       8 |  39130.2 |     10130.4  |  0.91042  |        0.872715 |     0.592905 |
+----+--------+---------+----------+--------------+-----------+-----------------+--------------+
|  8 |      7 |       9 |  43917.4 |      9808.05 |  0.911778 |        0.897858 |     0.48337  |
+----+--------+---------+----------+--------------+-----------+-----------------+--------------+
|  9 |     22 |       1 |  49208.7 |     21718.3  |  0.90583  |        0.81177  |     0.740133 |
+----+--------+---------+----------+--------------+-----------+-----------------+--------------+
| 10 |     22 |       2 |  54083.9 |     14205.2  |  0.90275  |        0.819235 |     0.721508 |
+----+--------+---------+----------+--------------+-----------+-----------------+--------------+
| 11 |     22 |       3 |  58931.8 |     12290.5  |  0.924418 |        0.830146 |     0.808426 |
+----+--------+---------+----------+--------------+-----------+-----------------+--------------+
| 12 |     22 |       4 |  63733.3 |     11374.6  |  0.924518 |        0.884362 |     0.654545 |
+----+--------+---------+----------+--------------+-----------+-----------------+--------------+
| 13 |     22 |       5 |  68959.3 |     10885.2  |  0.924133 |        0.894737 |     0.640798 |
+----+--------+---------+----------+--------------+-----------+-----------------+--------------+
| 14 |     22 |       6 |  74389.3 |     10450.6  |  0.922651 |        0.84937  |     0.747672 |
+----+--------+---------+----------+--------------+-----------+-----------------+--------------+
| 15 |     22 |       7 |  79875.8 |     10248.5  |  0.910857 |        0.907623 |     0.44878  |
+----+--------+---------+----------+--------------+-----------+-----------------+--------------+
| 16 |     22 |       8 |  85370.7 |     10041.5  |  0.915805 |        0.868719 |     0.613304 |
+----+--------+---------+----------+--------------+-----------+-----------------+--------------+
| 17 |     22 |       9 |  90604   |      9903.38 |  0.914218 |        0.868746 |     0.654545 |
+----+--------+---------+----------+--------------+-----------+-----------------+--------------+
| 18 |     11 |       1 |  96115.3 |     21128.3  |  0.905124 |        0.795423 |     0.770732 |
+----+--------+---------+----------+--------------+-----------+-----------------+--------------+
| 19 |     11 |       2 | 101425   |     14008.3  |  0.913608 |        0.89232  |     0.499778 |
+----+--------+---------+----------+--------------+-----------+-----------------+--------------+
| 20 |     11 |       3 | 106782   |     12272.4  |  0.921028 |        0.913809 |     0.437251 |
+----+--------+---------+----------+--------------+-----------+-----------------+--------------+
| 21 |     11 |       4 | 112056   |     11420.1  |  0.913207 |        0.853469 |     0.632816 |
+----+--------+---------+----------+--------------+-----------+-----------------+--------------+
| 22 |     11 |       5 | 117348   |     10839.6  |  0.926166 |        0.899925 |     0.530377 |
+----+--------+---------+----------+--------------+-----------+-----------------+--------------+
| 23 |     11 |       6 | 122711   |     10615    |  0.9208   |        0.864955 |     0.687361 |
+----+--------+---------+----------+--------------+-----------+-----------------+--------------+
| 24 |     11 |       7 | 128130   |     10499    |  0.918957 |        0.862982 |     0.664745 |
+----+--------+---------+----------+--------------+-----------+-----------------+--------------+
| 25 |     11 |       8 | 133619   |      9956.52 |  0.927055 |        0.895616 |     0.570732 |
+----+--------+---------+----------+--------------+-----------+-----------------+--------------+
| 26 |     11 |       9 | 138897   |      9665.96 |  0.924045 |        0.878436 |     0.637694 |
+----+--------+---------+----------+--------------+-----------+-----------------+--------------+
| 27 |     11 |      10 | 144173   |      8128.01 |  0.921893 |        0.869262 |     0.663415 |
+----+--------+---------+----------+--------------+-----------+-----------------+--------------+
| 28 |     11 |      11 | 149621   |      8008.07 |  0.928659 |        0.870006 |     0.685588 |
+----+--------+---------+----------+--------------+-----------+-----------------+--------------+
| 29 |     11 |      12 | 154936   |      7994.8  |  0.91392  |        0.905263 |     0.45765  |
+----+--------+---------+----------+--------------+-----------+-----------------+--------------+
| 30 |     11 |      13 | 160322   |      7925.73 |  0.923167 |        0.879321 |     0.620399 |
+----+--------+---------+----------+--------------+-----------+-----------------+--------------+
| 31 |     11 |      14 | 165671   |      7789.11 |  0.923816 |        0.876038 |     0.607982 |
+----+--------+---------+----------+--------------+-----------+-----------------+--------------+
| 32 |     11 |      15 | 170538   |      7816.4  |  0.922797 |        0.881142 |     0.58847  |
+----+--------+---------+----------+--------------+-----------+-----------------+--------------+
| 33 |     11 |      16 | 175486   |      7779.92 |  0.92167  |        0.876798 |     0.621729 |
+----+--------+---------+----------+--------------+-----------+-----------------+--------------++----+---------+------------+------------------+---------------+
|    | Seed    |   AUC_test |   precision_test |   recall_test |
+====+=========+============+==================+===============+
|  0 | Seed 7  |   0.915854 |         0.886428 |      0.664955 |
+----+---------+------------+------------------+---------------+
|  1 | Seed 22 |   0.915998 |         0.89187  |      0.66284  |
+----+---------+------------+------------------+---------------+
|  2 | Seed 11 |   0.923904 |         0.886923 |      0.696677 |
+----+---------+------------+------------------+---------------++----+----------------+-------------------+
|    | Metric         | Value             |
+====+================+===================+
|  0 | Mean AUC       | 0.9186 +/- 0.0038 |
+----+----------------+-------------------+
|  1 | Mean Precision | 0.8884 +/- 0.0025 |
+----+----------------+-------------------+
|  2 | Mean Recall    | 0.6748 +/- 0.0155 |
+----+----------------+-------------------+